0.6947 -5.4725 0.03261
0.9947 -5.4715 0.03250
1.3121 -5.4704 0.03282
1.6152 -5.4693 0.03346
1.9334 -5.4682 0.03445
2.2371 -5.4672 0.03468
2.5686 -5.4660 0.03473
2.9428 -5.4647 0.03315
3.2794 -5.4636 0.03396
3.6488 -5.4623 0.03466
3.9550 -5.4612 0.03314
4.2666 -5.4601 0.03412
4.5985 -5.4590 0.03466
4.9196 -5.4579 0.03468
5.2375 -5.4568 0.03442
5.5405 -5.4557 0.03423
5.8513 -5.4546 0.03427
6.1937 -5.4535 0.03247
6.4958 -5.4524 0.03278
6.8362 -5.4512 0.03294
7.2094 -5.4499 0.03366
7.5607 -5.4487 0.03394
7.8701 -5.4476 0.03401
8.1774 -5.4466 0.03403
8.5111 -5.4454 0.03403
8.8781 -5.4441 0.03403
9.2160 -5.4430 0.03429
9.6351 -5.4415 0.03467
10.017 -5.4402 0.03473
10.368 -5.4390 0.03473
10.692 -5.4378 0.03466
10.353 -5.4390 0.03575
10.018 -5.4402 0.03538
9.7117 -5.4413 0.03473
9.3167 -5.4426 0.03417
8.9839 -5.4438 0.03407
8.6463 -5.4450 0.03404
8.2166 -5.4465 0.03403
7.8862 -5.4476 0.03403
7.5050 -5.4489 0.03362
7.1356 -5.4502 0.03338
6.8205 -5.4513 0.03334
6.4907 -5.4524 0.03333
6.1235 -5.4537 0.03510
5.8033 -5.4548 0.03452
5.4663 -5.4560 0.03354
5.1397 -5.4571 0.03154
